parent : ( 0,0 )
depth : 1
( 3,5 ) , ( 4,3 ) , ( 5,6 ) , ( 6,5 ) , ( 6,6 ) , ( 2,3 ) , ( 1,3 )

parent : ( 3,5 )
depth : 2
( 4,6 ) , ( 5,3 ) , ( 6,4 ) , ( 2,5 ) , ( 2,6 ) , ( 4,2 ) , ( 1,6 ) , ( 2,2 )

parent : ( 4,6 )
depth : 3
( 3,6 ) , ( 5,6 ) , ( 6,6 ) , ( 1,3 )

parent : ( 3,6 )
depth : 4
( 5,3 ) , ( 6,4 ) , ( 2,5 ) , ( 2,6 ) , ( 4,2 ) , ( 1,6 ) , ( 2,2 )

parent : ( 5,6 )
depth : 4
( 6,4 ) , ( 6,5 ) , ( 6,6 ) , ( 4,2 ) , ( 1,6 ) , ( 3,1 ) , ( 2,2 )

parent : ( 6,6 )
depth : 4
( 4,3 ) , ( 5,3 ) , ( 6,3 ) , ( 6,4 ) , ( 6,5 ) , ( 2,3 ) , ( 4,2 ) , ( 1,6 ) , ( 3,1 )

parent : ( 1,3 )
depth : 4
( 5,3 ) , ( 6,3 ) , ( 6,4 ) , ( 2,3 ) , ( 4,2 ) , ( 3,1 ) , ( 2,2 )

parent : ( 5,3 )
depth : 3
( 4,3 ) , ( 6,3 ) , ( 6,4 ) , ( 6,5 ) , ( 6,6 ) , ( 6,2 ) , ( 1,3 )

parent : ( 4,3 )
depth : 4
( 3,6 ) , ( 4,6 ) , ( 2,3 ) , ( 2,5 ) , ( 2,6 ) , ( 4,2 ) , ( 1,6 ) , ( 2,1 ) , ( 2,2 )

parent : ( 6,3 )
depth : 4
( 4,6 ) , ( 6,4 ) , ( 2,5 ) , ( 2,6 ) , ( 4,2 ) , ( 7,3 ) , ( 1,6 ) , ( 2,2 )

parent : ( 6,4 )
depth : 3
( 4,3 ) , ( 5,3 ) , ( 6,3 ) , ( 6,5 ) , ( 6,6 ) , ( 7,4 ) , ( 1,3 )

parent : ( 4,3 )
depth : 4
( 3,6 ) , ( 4,6 ) , ( 2,5 ) , ( 4,2 ) , ( 1,6 ) , ( 2,1 ) , ( 2,2 )

parent : ( 5,3 )
depth : 4
( 3,6 ) , ( 4,6 ) , ( 2,5 ) , ( 4,2 ) , ( 5,2 ) , ( 1,6 ) , ( 2,2 )

parent : ( 2,5 )
depth : 3
( 3,6 ) , ( 5,6 ) , ( 6,5 ) , ( 6,6 ) , ( 1,3 ) , ( 1,6 )

parent : ( 3,6 )
depth : 4
( 4,3 ) , ( 4,6 ) , ( 5,3 ) , ( 6,4 ) , ( 2,6 ) , ( 4,2 ) , ( 4,7 ) , ( 1,6 ) , ( 2,2 )

parent : ( 5,6 )
depth : 4
( 4,3 ) , ( 4,6 ) , ( 6,4 ) , ( 6,5 ) , ( 6,6 ) , ( 4,2 ) , ( 1,6 ) , ( 3,1 ) , ( 2,2 )

parent : ( 6,5 )
depth : 4
( 3,6 ) , ( 4,6 ) , ( 6,4 ) , ( 6,6 ) , ( 2,6 ) , ( 4,2 ) , ( 1,6 ) , ( 2,2 )

parent : ( 6,6 )
depth : 4
( 4,3 ) , ( 5,3 ) , ( 6,3 ) , ( 6,4 ) , ( 6,5 ) , ( 2,3 ) , ( 4,2 ) , ( 1,6 ) , ( 3,1 )

parent : ( 1,3 )
depth : 4
( 4,3 ) , ( 5,3 ) , ( 6,3 ) , ( 6,4 ) , ( 2,3 ) , ( 4,2 ) , ( 3,1 ) , ( 2,2 )

parent : ( 2,6 )
depth : 3
( 3,6 ) , ( 4,3 ) , ( 5,6 ) , ( 6,5 ) , ( 6,6 ) , ( 2,5 ) , ( 3,7 ) , ( 1,3 )

parent : ( 3,6 )
depth : 4
( 4,6 ) , ( 5,3 ) , ( 6,4 ) , ( 2,5 ) , ( 4,2 ) , ( 1,6 ) , ( 2,2 )

parent : ( 4,2 )
depth : 3
( 4,3 ) , ( 5,3 ) , ( 5,6 ) , ( 6,5 ) , ( 5,2 ) , ( 1,3 ) , ( 5,1 )

parent : ( 4,3 )
depth : 4
( 3,6 ) , ( 4,6 ) , ( 5,3 ) , ( 6,4 ) , ( 2,5 ) , ( 1,6 ) , ( 3,1 ) , ( 2,2 )

parent : ( 1,6 )
depth : 3
( 4,3 ) , ( 5,3 ) , ( 5,6 ) , ( 6,5 ) , ( 6,6 ) , ( 1,3 )

parent : ( 4,3 )
depth : 4
( 4,6 ) , ( 5,3 ) , ( 6,4 ) , ( 2,5 ) , ( 4,2 ) , ( 2,2 )

parent : ( 5,3 )
depth : 4
( 4,6 ) , ( 6,4 ) , ( 2,5 ) , ( 4,2 ) , ( 5,2 ) , ( 2,2 )

parent : ( 5,6 )
depth : 4
( 4,6 ) , ( 6,4 ) , ( 6,6 ) , ( 2,6 ) , ( 4,2 ) , ( 2,2 )

parent : ( 6,5 )
depth : 4
( 4,6 ) , ( 6,4 ) , ( 6,6 ) , ( 2,6 ) , ( 4,2 ) , ( 2,2 )

parent : ( 6,6 )
depth : 4
( 4,6 ) , ( 6,4 ) , ( 4,2 )

parent : ( 1,3 )
depth : 4
( 4,6 ) , ( 5,3 ) , ( 6,4 ) , ( 2,5 ) , ( 2,6 ) , ( 4,2 ) , ( 1,2 ) , ( 2,2 )

parent : ( 2,2 )
depth : 3
( 4,3 ) , ( 5,3 ) , ( 5,6 ) , ( 6,5 ) , ( 4,2 ) , ( 1,3 ) , ( 1,2 )

parent : ( 4,3 )
depth : 4
( 3,6 ) , ( 4,6 ) , ( 5,3 ) , ( 6,4 ) , ( 2,5 ) , ( 4,2 ) , ( 1,6 ) , ( 3,1 )

parent : ( 4,3 )
depth : 2
( 3,5 ) , ( 5,3 ) , ( 5,6 ) , ( 6,4 ) , ( 4,2 ) , ( 5,2 ) , ( 1,6 ) , ( 3,1 ) , ( 2,2 )

parent : ( 3,5 )
depth : 3
( 3,6 ) , ( 4,6 ) , ( 5,6 ) , ( 6,6 ) , ( 2,5 ) , ( 2,6 ) , ( 1,3 )

parent : ( 3,6 )
depth : 4
( 4,6 ) , ( 5,3 ) , ( 6,4 ) , ( 2,5 ) , ( 4,2 ) , ( 1,6 ) , ( 2,2 )

parent : ( 4,6 )
depth : 4
( 5,3 ) , ( 5,6 ) , ( 6,4 ) , ( 3,7 ) , ( 4,2 ) , ( 5,2 ) , ( 5,7 ) , ( 1,6 ) , ( 3,1 ) , ( 2,2 )

parent : ( 5,6 )
depth : 4
( 5,3 ) , ( 6,3 ) , ( 6,4 ) , ( 6,5 ) , ( 4,2 ) , ( 5,2 ) , ( 6,7 ) , ( 1,6 ) , ( 3,1 )

parent : ( 6,6 )
depth : 4
( 5,3 ) , ( 6,3 ) , ( 6,4 ) , ( 6,5 ) , ( 4,2 ) , ( 5,2 ) , ( 1,6 ) , ( 3,1 )

parent : ( 2,5 )
depth : 4
( 3,6 ) , ( 5,3 ) , ( 6,3 ) , ( 6,4 ) , ( 2,3 ) , ( 2,6 ) , ( 4,2 ) , ( 1,6 ) , ( 3,1 ) , ( 2,2 )

parent : ( 2,6 )
depth : 4
( 3,6 ) , ( 4,6 ) , ( 5,3 ) , ( 6,3 ) , ( 6,4 ) , ( 2,5 ) , ( 4,2 ) , ( 5,2 ) , ( 1,6 ) , ( 3,1 ) , ( 2,2 )

parent : ( 1,3 )
depth : 4
( 5,3 ) , ( 6,3 ) , ( 6,4 ) , ( 4,2 ) , ( 5,2 ) , ( 3,1 ) , ( 2,2 )

parent : ( 5,3 )
depth : 3
( 3,5 ) , ( 6,3 ) , ( 6,4 ) , ( 6,5 ) , ( 6,6 ) , ( 2,3 ) , ( 2,5 ) , ( 6,2 ) , ( 1,3 )

parent : ( 3,5 )
depth : 4
( 3,6 ) , ( 4,6 ) , ( 2,3 ) , ( 2,5 ) , ( 2,6 ) , ( 4,2 ) , ( 1,6 ) , ( 2,1 ) , ( 2,2 )

parent : ( 6,3 )
depth : 4
( 3,5 ) , ( 5,6 ) , ( 6,4 ) , ( 4,2 ) , ( 5,2 ) , ( 1,6 ) , ( 3,1 ) , ( 2,2 )

parent : ( 6,4 )
depth : 4
( 3,5 ) , ( 5,6 ) , ( 2,3 ) , ( 4,2 ) , ( 5,2 ) , ( 7,3 ) , ( 7,4 ) , ( 7,5 ) , ( 1,6 ) , ( 3,1 ) , ( 2,2 )

parent : ( 6,5 )
depth : 4
( 3,5 ) , ( 5,6 ) , ( 6,4 ) , ( 2,3 ) , ( 4,2 ) , ( 5,2 ) , ( 1,6 ) , ( 3,1 )

parent : ( 6,6 )
depth : 4
( 3,5 ) , ( 3,6 ) , ( 5,6 ) , ( 2,3 ) , ( 4,2 ) , ( 5,2 ) , ( 1,6 ) , ( 3,1 ) , ( 2,1 )

parent : ( 2,3 )
depth : 4
( 3,5 ) , ( 3,6 ) , ( 4,2 ) , ( 1,3 ) , ( 1,6 ) , ( 4,1 ) , ( 2,1 ) , ( 2,2 )

parent : ( 2,5 )
depth : 4
( 3,5 ) , ( 3,6 ) , ( 2,3 ) , ( 2,6 ) , ( 4,2 ) , ( 1,6 ) , ( 2,1 ) , ( 2,2 )

parent : ( 6,2 )
depth : 4
( 3,5 ) , ( 3,6 ) , ( 5,6 ) , ( 4,2 ) , ( 5,2 ) , ( 1,6 ) , ( 3,1 ) , ( 2,1 ) , ( 2,2 )

parent : ( 1,3 )
depth : 4
( 3,5 ) , ( 3,6 ) , ( 5,6 ) , ( 2,3 ) , ( 4,2 ) , ( 5,2 ) , ( 3,1 ) , ( 2,1 ) , ( 2,2 )

parent : ( 5,6 )
depth : 3
( 3,5 ) , ( 3,6 ) , ( 4,6 ) , ( 6,6 ) , ( 2,5 ) , ( 5,7 ) , ( 1,3 )

parent : ( 3,5 )
depth : 4
( 4,6 ) , ( 5,3 ) , ( 6,3 ) , ( 6,4 ) , ( 2,3 ) , ( 2,5 ) , ( 4,2 ) , ( 1,6 ) , ( 2,2 )

parent : ( 3,6 )
depth : 4
( 3,5 ) , ( 5,3 ) , ( 6,4 ) , ( 4,2 ) , ( 5,2 ) , ( 1,6 ) , ( 3,1 ) , ( 2,2 )

parent : ( 4,6 )
depth : 4
( 3,5 ) , ( 3,6 ) , ( 5,3 ) , ( 6,4 ) , ( 3,7 ) , ( 4,2 ) , ( 5,2 ) , ( 1,6 ) , ( 3,1 ) , ( 2,2 )

parent : ( 6,6 )
depth : 4
( 5,3 ) , ( 6,3 ) , ( 6,4 ) , ( 6,5 ) , ( 4,2 ) , ( 5,2 ) , ( 7,6 ) , ( 1,6 ) , ( 3,1 )

parent : ( 2,5 )
depth : 4
( 3,6 ) , ( 5,3 ) , ( 6,3 ) , ( 6,4 ) , ( 2,3 ) , ( 2,6 ) , ( 4,2 ) , ( 1,6 ) , ( 2,2 )

parent : ( 5,7 )
depth : 4
( 6,3 ) , ( 6,4 ) , ( 6,5 ) , ( 4,2 ) , ( 5,2 ) , ( 6,7 ) , ( 1,6 ) , ( 3,1 )

parent : ( 1,3 )
depth : 4
( 5,3 ) , ( 6,3 ) , ( 6,4 ) , ( 4,2 ) , ( 5,2 ) , ( 3,1 ) , ( 2,2 )

parent : ( 6,4 )
depth : 3
( 3,5 ) , ( 6,3 ) , ( 6,5 ) , ( 6,6 ) , ( 2,3 ) , ( 2,5 ) , ( 1,3 )

parent : ( 3,5 )
depth : 4
( 3,6 ) , ( 4,6 ) , ( 2,5 ) , ( 2,6 ) , ( 4,2 ) , ( 1,6 ) , ( 2,1 ) , ( 2,2 )

parent : ( 6,3 )
depth : 4
( 3,5 ) , ( 4,6 ) , ( 5,3 ) , ( 5,6 ) , ( 4,2 ) , ( 5,2 ) , ( 6,2 ) , ( 1,6 ) , ( 3,1 ) , ( 2,2 )

parent : ( 6,5 )
depth : 4
( 4,6 ) , ( 5,6 ) , ( 6,6 ) , ( 4,2 ) , ( 5,2 ) , ( 1,6 ) , ( 3,1 ) , ( 2,2 )

parent : ( 6,6 )
depth : 4
( 3,6 ) , ( 4,6 ) , ( 5,6 ) , ( 4,2 ) , ( 5,2 ) , ( 1,6 ) , ( 3,1 ) , ( 2,1 )

parent : ( 4,2 )
depth : 3
( 3,5 ) , ( 5,6 ) , ( 6,5 ) , ( 6,6 ) , ( 2,3 ) , ( 2,5 ) , ( 5,2 ) , ( 1,3 ) , ( 4,1 ) , ( 5,1 ) , ( 2,2 )

parent : ( 3,5 )
depth : 4
( 4,6 ) , ( 5,3 ) , ( 6,4 ) , ( 2,5 ) , ( 1,6 ) , ( 2,2 )

parent : ( 5,2 )
depth : 3
( 3,5 ) , ( 5,3 ) , ( 5,6 ) , ( 6,5 ) , ( 6,6 ) , ( 2,3 ) , ( 4,2 ) , ( 1,3 )

parent : ( 3,5 )
depth : 4
( 4,6 ) , ( 5,3 ) , ( 6,4 ) , ( 6,5 ) , ( 2,3 ) , ( 2,5 ) , ( 4,2 ) , ( 1,6 ) , ( 2,1 ) , ( 2,2 )

parent : ( 1,6 )
depth : 3
( 3,5 ) , ( 5,6 ) , ( 6,5 ) , ( 6,6 ) , ( 2,3 ) , ( 2,5 )

parent : ( 3,5 )
depth : 4
( 4,6 ) , ( 5,3 ) , ( 6,4 ) , ( 2,5 ) , ( 4,2 ) , ( 2,2 )

parent : ( 5,6 )
depth : 4
( 6,4 ) , ( 4,2 ) , ( 5,2 ) , ( 6,7 ) , ( 3,1 )

parent : ( 6,5 )
depth : 4
( 5,6 ) , ( 6,4 ) , ( 4,2 ) , ( 5,2 ) , ( 3,1 )

parent : ( 6,6 )
depth : 4
( 5,6 ) , ( 6,4 ) , ( 4,2 ) , ( 5,2 ) , ( 3,1 )

parent : ( 2,3 )
depth : 4
( 3,5 ) , ( 5,3 ) , ( 6,4 ) , ( 4,2 ) , ( 4,1 ) , ( 2,2 )

parent : ( 2,5 )
depth : 4
( 3,5 ) , ( 3,6 ) , ( 5,3 ) , ( 6,4 ) , ( 2,6 ) , ( 4,2 ) , ( 5,2 ) , ( 2,2 )

parent : ( 5,6 )
depth : 2
( 4,6 ) , ( 6,4 ) , ( 6,6 ) , ( 4,2 ) , ( 6,7 ) , ( 1,6 ) , ( 3,1 ) , ( 2,2 )

parent : ( 4,6 )
depth : 3
( 3,5 ) , ( 3,6 ) , ( 2,3 ) , ( 3,7 ) , ( 1,3 )

parent : ( 3,5 )
depth : 4
( 6,4 ) , ( 6,6 ) , ( 2,6 ) , ( 4,2 ) , ( 1,6 ) , ( 2,2 )

parent : ( 3,6 )
depth : 4
( 6,4 ) , ( 6,6 ) , ( 4,2 ) , ( 4,7 ) , ( 6,7 ) , ( 1,6 ) , ( 3,1 ) , ( 2,2 )

parent : ( 2,3 )
depth : 4
( 6,4 ) , ( 6,6 ) , ( 4,2 ) , ( 1,6 ) , ( 4,1 ) , ( 2,2 )

parent : ( 3,7 )
depth : 4
( 6,3 ) , ( 6,4 ) , ( 6,5 ) , ( 6,6 ) , ( 4,2 ) , ( 4,7 ) , ( 6,7 ) , ( 1,6 ) , ( 3,1 ) , ( 2,2 )

parent : ( 1,3 )
depth : 4
( 6,3 ) , ( 6,4 ) , ( 6,5 ) , ( 6,6 ) , ( 4,2 ) , ( 6,7 ) , ( 3,1 ) , ( 2,2 )

parent : ( 6,4 )
depth : 3
( 3,5 ) , ( 4,3 ) , ( 5,3 ) , ( 6,3 ) , ( 2,3 ) , ( 7,3 ) , ( 1,3 )

parent : ( 3,5 )
depth : 4
( 3,6 ) , ( 4,6 ) , ( 6,6 ) , ( 2,6 ) , ( 4,2 ) , ( 5,7 ) , ( 1,6 ) , ( 2,2 )

parent : ( 4,3 )
depth : 4
( 3,6 ) , ( 4,6 ) , ( 4,2 ) , ( 5,2 ) , ( 5,7 ) , ( 6,7 ) , ( 1,6 ) , ( 3,1 ) , ( 2,1 )

parent : ( 5,3 )
depth : 4
( 4,6 ) , ( 6,6 ) , ( 4,2 ) , ( 6,2 ) , ( 6,7 ) , ( 1,6 ) , ( 3,1 ) , ( 2,2 )

parent : ( 6,3 )
depth : 4
( 4,6 ) , ( 6,6 ) , ( 4,2 ) , ( 6,2 ) , ( 6,7 ) , ( 1,6 ) , ( 3,1 ) , ( 2,2 )

parent : ( 2,3 )
depth : 4
( 3,6 ) , ( 4,6 ) , ( 6,6 ) , ( 4,2 ) , ( 5,7 ) , ( 1,6 ) , ( 4,1 ) , ( 2,2 )

parent : ( 7,3 )
depth : 4
( 3,6 ) , ( 4,6 ) , ( 6,6 ) , ( 4,2 ) , ( 5,7 ) , ( 6,7 ) , ( 7,4 ) , ( 1,6 ) , ( 3,1 ) , ( 2,2 )

parent : ( 1,3 )
depth : 4
( 3,6 ) , ( 4,6 ) , ( 6,6 ) , ( 4,2 ) , ( 5,7 ) , ( 6,7 ) , ( 3,1 ) , ( 2,2 )

parent : ( 6,6 )
depth : 3
( 3,5 ) , ( 4,3 ) , ( 6,5 ) , ( 2,3 ) , ( 7,6 ) , ( 1,3 ) , ( 7,7 )

parent : ( 3,5 )
depth : 4
( 4,6 ) , ( 5,3 ) , ( 6,4 ) , ( 2,5 ) , ( 2,6 ) , ( 4,2 ) , ( 5,7 ) , ( 1,6 ) , ( 2,2 )

parent : ( 4,3 )
depth : 4
( 3,5 ) , ( 4,6 ) , ( 5,3 ) , ( 6,4 ) , ( 4,2 ) , ( 5,2 ) , ( 5,7 ) , ( 6,7 ) , ( 1,6 ) , ( 3,1 ) , ( 2,2 )

parent : ( 6,5 )
depth : 4
( 4,6 ) , ( 6,4 ) , ( 4,2 ) , ( 6,7 ) , ( 1,6 ) , ( 3,1 ) , ( 2,2 )

parent : ( 2,3 )
depth : 4
( 3,5 ) , ( 4,6 ) , ( 5,3 ) , ( 6,4 ) , ( 4,2 ) , ( 5,7 ) , ( 1,6 ) , ( 4,1 ) , ( 2,2 )

parent : ( 7,6 )
depth : 4
( 3,5 ) , ( 4,6 ) , ( 5,3 ) , ( 6,4 ) , ( 4,2 ) , ( 5,7 ) , ( 6,7 ) , ( 1,6 ) , ( 3,1 ) , ( 2,2 ) , ( 7,7 )

parent : ( 1,3 )
depth : 4
( 3,5 ) , ( 4,6 ) , ( 5,3 ) , ( 6,4 ) , ( 4,2 ) , ( 5,7 ) , ( 6,7 ) , ( 3,1 ) , ( 2,2 )

parent : ( 4,2 )
depth : 3
( 3,5 ) , ( 4,3 ) , ( 2,3 ) , ( 5,2 ) , ( 1,3 ) , ( 5,1 ) , ( 2,2 )

parent : ( 3,5 )
depth : 4
( 4,6 ) , ( 6,4 ) , ( 6,6 ) , ( 2,6 ) , ( 1,6 ) , ( 2,2 )

parent : ( 6,7 )
depth : 3
( 3,5 ) , ( 3,6 ) , ( 5,7 ) , ( 1,3 )

parent : ( 3,5 )
depth : 4
( 4,6 ) , ( 5,3 ) , ( 6,4 ) , ( 6,6 ) , ( 2,3 ) , ( 2,6 ) , ( 4,2 ) , ( 1,6 ) , ( 2,2 )

parent : ( 1,6 )
depth : 3
( 3,5 ) , ( 4,3 ) , ( 2,3 )

parent : ( 3,5 )
depth : 4
( 4,6 ) , ( 6,4 ) , ( 6,6 ) , ( 2,6 ) , ( 4,2 ) , ( 2,2 )

parent : ( 4,3 )
depth : 4
( 6,4 ) , ( 4,2 ) , ( 5,2 ) , ( 6,7 ) , ( 3,1 )

parent : ( 2,3 )
depth : 4
( 4,6 ) , ( 6,4 ) , ( 6,6 ) , ( 4,2 ) , ( 4,1 ) , ( 2,2 )

parent : ( 6,5 )
depth : 2
( 4,6 ) , ( 5,6 ) , ( 6,4 ) , ( 6,6 ) , ( 4,2 ) , ( 1,6 ) , ( 3,1 ) , ( 2,2 )

parent : ( 4,6 )
depth : 3
( 3,5 ) , ( 3,6 ) , ( 3,7 ) , ( 1,3 )

parent : ( 3,5 )
depth : 4
( 6,4 ) , ( 6,6 ) , ( 2,6 ) , ( 4,2 ) , ( 1,6 ) , ( 2,2 )

parent : ( 3,6 )
depth : 4
( 5,6 ) , ( 6,4 ) , ( 6,6 ) , ( 2,6 ) , ( 4,2 ) , ( 1,6 ) , ( 3,1 ) , ( 2,2 )

parent : ( 3,7 )
depth : 4
( 6,3 ) , ( 6,4 ) , ( 6,6 ) , ( 4,2 ) , ( 4,7 ) , ( 7,5 ) , ( 1,6 ) , ( 3,1 ) , ( 2,2 )

parent : ( 1,3 )
depth : 4
( 6,3 ) , ( 6,4 ) , ( 6,6 ) , ( 4,2 ) , ( 7,5 ) , ( 3,1 ) , ( 2,2 )

parent : ( 5,6 )
depth : 3
( 3,5 ) , ( 3,6 ) , ( 4,7 ) , ( 5,7 ) , ( 1,3 )

parent : ( 3,5 )
depth : 4
( 4,6 ) , ( 5,3 ) , ( 6,4 ) , ( 6,6 ) , ( 2,3 ) , ( 2,6 ) , ( 4,2 ) , ( 7,4 ) , ( 1,6 ) , ( 2,2 )

parent : ( 6,4 )
depth : 3
( 3,5 ) , ( 4,3 ) , ( 5,3 ) , ( 6,3 ) , ( 2,3 ) , ( 7,3 ) , ( 1,3 )

parent : ( 3,5 )
depth : 4
( 3,6 ) , ( 4,6 ) , ( 5,6 ) , ( 6,6 ) , ( 2,6 ) , ( 4,2 ) , ( 7,6 ) , ( 1,6 ) , ( 2,2 )

parent : ( 6,6 )
depth : 3
( 3,5 ) , ( 4,3 ) , ( 5,6 ) , ( 2,3 ) , ( 6,7 ) , ( 1,3 ) , ( 7,7 )

parent : ( 3,5 )
depth : 4
( 4,6 ) , ( 5,3 ) , ( 6,4 ) , ( 2,5 ) , ( 2,6 ) , ( 4,2 ) , ( 7,5 ) , ( 1,6 ) , ( 2,2 )

parent : ( 4,3 )
depth : 4
( 3,5 ) , ( 5,3 ) , ( 5,6 ) , ( 6,4 ) , ( 4,2 ) , ( 5,2 ) , ( 7,5 ) , ( 1,6 ) , ( 3,1 ) , ( 2,2 )

parent : ( 5,6 )
depth : 4
( 4,6 ) , ( 6,4 ) , ( 4,2 ) , ( 6,7 ) , ( 1,6 ) , ( 3,1 ) , ( 2,2 )

parent : ( 2,3 )
depth : 4
( 3,5 ) , ( 4,6 ) , ( 5,3 ) , ( 6,4 ) , ( 4,2 ) , ( 7,5 ) , ( 1,6 ) , ( 4,1 ) , ( 2,2 )

parent : ( 6,7 )
depth : 4
( 3,5 ) , ( 4,6 ) , ( 5,3 ) , ( 5,6 ) , ( 6,4 ) , ( 4,2 ) , ( 7,5 ) , ( 1,6 ) , ( 3,1 ) , ( 2,2 ) , ( 7,7 )

parent : ( 1,3 )
depth : 4
( 3,5 ) , ( 4,6 ) , ( 5,3 ) , ( 5,6 ) , ( 6,4 ) , ( 4,2 ) , ( 7,5 ) , ( 3,1 ) , ( 2,2 )

parent : ( 4,2 )
depth : 3
( 3,5 ) , ( 4,3 ) , ( 2,3 ) , ( 5,2 ) , ( 1,3 ) , ( 5,1 ) , ( 2,2 )

parent : ( 3,5 )
depth : 4
( 4,6 ) , ( 6,4 ) , ( 6,6 ) , ( 2,6 ) , ( 1,6 ) , ( 2,2 )

parent : ( 1,6 )
depth : 3
( 3,5 ) , ( 4,3 ) , ( 2,3 )

parent : ( 3,5 )
depth : 4
( 4,6 ) , ( 6,4 ) , ( 6,6 ) , ( 2,6 ) , ( 4,2 ) , ( 2,2 )

parent : ( 4,3 )
depth : 4
( 5,6 ) , ( 6,4 ) , ( 4,2 ) , ( 5,2 ) , ( 3,1 )

parent : ( 2,3 )
depth : 4
( 4,6 ) , ( 6,4 ) , ( 6,6 ) , ( 4,2 ) , ( 4,1 ) , ( 2,2 )

parent : ( 6,6 )
depth : 2
( 5,6 ) , ( 6,4 ) , ( 4,2 ) , ( 1,6 ) , ( 3,1 )

parent : ( 5,6 )
depth : 3
( 3,5 ) , ( 3,6 ) , ( 4,6 ) , ( 5,7 ) , ( 1,3 )

parent : ( 3,5 )
depth : 4
( 4,6 ) , ( 5,3 ) , ( 6,4 ) , ( 2,3 ) , ( 4,2 ) , ( 7,6 ) , ( 1,6 )

parent : ( 3,6 )
depth : 4
( 5,3 ) , ( 6,4 ) , ( 4,2 ) , ( 7,6 ) , ( 1,6 ) , ( 3,1 )

parent : ( 4,6 )
depth : 4
( 6,4 ) , ( 4,2 ) , ( 6,7 ) , ( 1,6 ) , ( 3,1 )

parent : ( 5,7 )
depth : 4
( 4,3 ) , ( 6,3 ) , ( 6,4 ) , ( 6,5 ) , ( 4,2 ) , ( 6,7 ) , ( 1,6 ) , ( 3,1 )

parent : ( 1,3 )
depth : 4
( 4,3 ) , ( 5,3 ) , ( 6,3 ) , ( 6,4 ) , ( 6,5 ) , ( 4,2 ) , ( 7,6 ) , ( 3,1 )

parent : ( 6,4 )
depth : 3
( 3,5 ) , ( 4,3 ) , ( 5,3 ) , ( 6,3 ) , ( 2,3 ) , ( 7,3 ) , ( 1,3 )

parent : ( 3,5 )
depth : 4
( 3,6 ) , ( 4,6 ) , ( 5,6 ) , ( 2,6 ) , ( 4,2 ) , ( 1,6 ) , ( 2,2 ) , ( 7,7 )

parent : ( 4,3 )
depth : 4
( 3,6 ) , ( 4,6 ) , ( 5,6 ) , ( 4,2 ) , ( 5,2 ) , ( 1,6 ) , ( 3,1 ) , ( 2,1 )

parent : ( 5,3 )
depth : 4
( 4,6 ) , ( 5,6 ) , ( 4,2 ) , ( 6,2 ) , ( 1,6 ) , ( 3,1 ) , ( 2,2 ) , ( 7,7 )

parent : ( 6,3 )
depth : 4
( 4,6 ) , ( 5,6 ) , ( 4,2 ) , ( 6,2 ) , ( 1,6 ) , ( 3,1 ) , ( 2,2 ) , ( 7,7 )

parent : ( 2,3 )
depth : 4
( 3,6 ) , ( 4,6 ) , ( 5,6 ) , ( 4,2 ) , ( 1,6 ) , ( 4,1 ) , ( 2,2 ) , ( 7,7 )

parent : ( 7,3 )
depth : 4
( 3,6 ) , ( 4,6 ) , ( 5,6 ) , ( 4,2 ) , ( 7,4 ) , ( 1,6 ) , ( 3,1 ) , ( 2,2 ) , ( 7,7 )

parent : ( 1,3 )
depth : 4
( 3,6 ) , ( 4,6 ) , ( 5,6 ) , ( 4,2 ) , ( 3,1 ) , ( 2,2 ) , ( 7,7 )

parent : ( 4,2 )
depth : 3
( 3,5 ) , ( 2,3 ) , ( 5,2 ) , ( 1,3 ) , ( 5,1 ) , ( 2,2 )

parent : ( 3,5 )
depth : 4
( 4,6 ) , ( 6,4 ) , ( 1,6 ) , ( 2,2 )

parent : ( 1,6 )
depth : 3
( 3,5 ) , ( 2,3 )

parent : ( 3,5 )
depth : 4
( 4,6 ) , ( 6,4 ) , ( 4,2 )

parent : ( 2,3 )
depth : 4
( 6,4 ) , ( 4,2 ) , ( 4,1 ) , ( 2,2 )

parent : ( 2,3 )
depth : 2
( 3,5 ) , ( 4,6 ) , ( 5,3 ) , ( 6,4 ) , ( 4,2 ) , ( 1,6 ) , ( 4,1 ) , ( 2,2 )

parent : ( 3,5 )
depth : 3
( 3,6 ) , ( 5,6 ) , ( 6,6 ) , ( 2,5 ) , ( 1,3 )

parent : ( 3,6 )
depth : 4
( 4,6 ) , ( 5,3 ) , ( 6,4 ) , ( 2,5 ) , ( 2,6 ) , ( 4,2 ) , ( 1,6 ) , ( 4,1 ) , ( 2,2 )

parent : ( 5,6 )
depth : 4
( 4,6 ) , ( 6,4 ) , ( 6,5 ) , ( 6,6 ) , ( 4,2 ) , ( 1,6 ) , ( 3,1 ) , ( 4,1 ) , ( 2,2 )

parent : ( 6,6 )
depth : 4
( 4,3 ) , ( 5,3 ) , ( 6,3 ) , ( 6,4 ) , ( 6,5 ) , ( 4,2 ) , ( 1,6 ) , ( 3,1 ) , ( 4,1 ) , ( 1,2 ) , ( 2,2 )

parent : ( 2,5 )
depth : 4
( 3,6 ) , ( 5,3 ) , ( 6,3 ) , ( 6,4 ) , ( 1,3 ) , ( 1,6 ) , ( 3,1 ) , ( 4,1 ) , ( 1,2 ) , ( 2,2 )

parent : ( 1,3 )
depth : 4
( 5,3 ) , ( 6,3 ) , ( 6,4 ) , ( 4,2 ) , ( 3,1 ) , ( 1,2 ) , ( 2,2 )

parent : ( 4,6 )
depth : 3
( 3,6 ) , ( 5,6 ) , ( 6,6 ) , ( 2,5 ) , ( 1,3 )

parent : ( 3,6 )
depth : 4
( 3,5 ) , ( 5,3 ) , ( 6,4 ) , ( 2,6 ) , ( 4,2 ) , ( 1,6 ) , ( 4,1 ) , ( 2,2 )

parent : ( 5,6 )
depth : 4
( 6,4 ) , ( 6,6 ) , ( 4,2 ) , ( 1,6 ) , ( 4,1 ) , ( 2,2 )

parent : ( 6,6 )
depth : 4
( 4,3 ) , ( 6,3 ) , ( 6,4 ) , ( 6,5 ) , ( 4,2 ) , ( 1,6 ) , ( 4,1 ) , ( 1,2 ) , ( 2,2 )

parent : ( 2,5 )
depth : 4
( 3,6 ) , ( 5,3 ) , ( 6,3 ) , ( 6,4 ) , ( 1,6 ) , ( 4,1 ) , ( 1,2 ) , ( 2,2 )

parent : ( 1,3 )
depth : 4
( 5,3 ) , ( 6,3 ) , ( 6,4 ) , ( 4,2 ) , ( 1,2 ) , ( 2,2 )

parent : ( 5,3 )
depth : 3
( 4,3 ) , ( 6,3 ) , ( 6,4 ) , ( 6,5 ) , ( 6,6 ) , ( 2,5 ) , ( 1,3 )

parent : ( 4,3 )
depth : 4
( 3,5 ) , ( 3,6 ) , ( 4,2 ) , ( 1,3 ) , ( 1,6 ) , ( 4,1 ) , ( 2,1 ) , ( 2,2 )

parent : ( 6,3 )
depth : 4
( 3,5 ) , ( 4,6 ) , ( 6,4 ) , ( 4,2 ) , ( 7,3 ) , ( 1,6 ) , ( 4,1 ) , ( 2,2 )

parent : ( 6,4 )
depth : 4
( 3,5 ) , ( 4,2 ) , ( 7,3 ) , ( 7,4 ) , ( 7,5 ) , ( 1,6 ) , ( 4,1 ) , ( 2,2 )

parent : ( 6,5 )
depth : 4
( 3,6 ) , ( 4,6 ) , ( 5,6 ) , ( 6,6 ) , ( 4,2 ) , ( 7,6 ) , ( 1,6 ) , ( 4,1 ) , ( 2,2 )

parent : ( 6,4 )
depth : 3
( 4,3 ) , ( 6,3 ) , ( 6,5 ) , ( 6,6 ) , ( 2,5 ) , ( 7,4 ) , ( 1,3 )

parent : ( 4,3 )
depth : 4
( 3,5 ) , ( 3,6 ) , ( 4,2 ) , ( 1,6 ) , ( 4,1 ) , ( 2,1 ) , ( 2,2 )

parent : ( 6,3 )
depth : 4
( 3,5 ) , ( 4,6 ) , ( 5,3 ) , ( 4,2 ) , ( 6,2 ) , ( 1,6 ) , ( 4,1 ) , ( 2,2 )

parent : ( 6,5 )
depth : 4
( 3,6 ) , ( 4,6 ) , ( 5,6 ) , ( 6,6 ) , ( 4,2 ) , ( 7,6 ) , ( 1,6 ) , ( 4,1 ) , ( 2,2 )

parent : ( 6,6 )
depth : 4
( 3,6 ) , ( 4,6 ) , ( 5,6 ) , ( 4,2 ) , ( 1,6 ) , ( 4,1 ) , ( 2,2 )

parent : ( 2,5 )
depth : 4
( 3,5 ) , ( 3,6 ) , ( 4,6 ) , ( 1,6 ) , ( 4,1 ) , ( 2,2 )

parent : ( 7,4 )
depth : 4
( 3,5 ) , ( 5,3 ) , ( 4,2 ) , ( 7,3 ) , ( 1,6 ) , ( 4,1 ) , ( 8,4 ) , ( 2,2 )

parent : ( 1,3 )
depth : 4
( 3,5 ) , ( 3,6 ) , ( 4,6 ) , ( 4,2 ) , ( 2,2 )

parent : ( 4,2 )
depth : 3
( 4,3 ) , ( 5,6 ) , ( 6,5 ) , ( 2,5 ) , ( 5,2 ) , ( 1,3 ) , ( 5,1 )

parent : ( 4,3 )
depth : 4
( 3,5 ) , ( 4,6 ) , ( 5,3 ) , ( 6,4 ) , ( 1,6 ) , ( 4,1 ) , ( 2,2 )

parent : ( 5,6 )
depth : 4
( 3,5 ) , ( 4,6 ) , ( 6,4 ) , ( 6,6 ) , ( 1,3 ) , ( 1,6 ) , ( 3,1 ) , ( 4,1 ) , ( 2,2 )

parent : ( 6,5 )
depth : 4
( 3,5 ) , ( 4,6 ) , ( 6,4 ) , ( 6,6 ) , ( 1,3 ) , ( 1,6 ) , ( 3,1 ) , ( 4,1 ) , ( 2,2 )

parent : ( 2,5 )
depth : 4
( 3,5 ) , ( 3,6 ) , ( 4,6 ) , ( 5,3 ) , ( 6,4 ) , ( 1,3 ) , ( 1,6 ) , ( 3,1 ) , ( 4,1 ) , ( 2,2 )

parent : ( 5,2 )
depth : 4
( 3,5 ) , ( 4,6 ) , ( 5,3 ) , ( 6,4 ) , ( 1,3 ) , ( 1,6 ) , ( 3,1 ) , ( 4,1 ) , ( 5,1 ) , ( 2,2 )

parent : ( 1,3 )
depth : 4
( 3,5 ) , ( 4,6 ) , ( 5,3 ) , ( 6,4 ) , ( 3,1 ) , ( 2,2 )

parent : ( 1,6 )
depth : 3
( 4,3 ) , ( 5,6 ) , ( 6,5 ) , ( 6,6 ) , ( 2,5 )

parent : ( 4,3 )
depth : 4
( 3,5 ) , ( 5,3 ) , ( 6,4 ) , ( 4,2 ) , ( 4,1 ) , ( 2,2 )

parent : ( 5,6 )
depth : 4
( 4,6 ) , ( 6,4 ) , ( 6,6 ) , ( 4,2 ) , ( 4,1 ) , ( 2,2 )

parent : ( 6,5 )
depth : 4
( 4,6 ) , ( 6,4 ) , ( 6,6 ) , ( 4,2 ) , ( 4,1 ) , ( 2,2 )

parent : ( 6,6 )
depth : 4
( 6,4 ) , ( 4,2 ) , ( 4,1 ) , ( 2,2 )

parent : ( 2,5 )
depth : 4
( 3,5 ) , ( 3,6 ) , ( 4,3 ) , ( 4,6 ) , ( 5,3 ) , ( 6,4 ) , ( 4,2 ) , ( 4,1 ) , ( 2,2 )

parent : ( 1,3 )
depth : 2
( 3,5 ) , ( 4,6 ) , ( 5,3 ) , ( 5,6 ) , ( 6,4 ) , ( 4,2 ) , ( 3,1 ) , ( 2,2 )

parent : ( 3,5 )
depth : 3
( 3,6 ) , ( 4,6 ) , ( 5,6 ) , ( 6,6 )

parent : ( 3,6 )
depth : 4
( 4,6 ) , ( 5,3 ) , ( 6,4 ) , ( 2,5 ) , ( 2,6 ) , ( 4,2 ) , ( 2,2 )

parent : ( 4,6 )
depth : 4
( 3,6 ) , ( 5,3 ) , ( 6,3 ) , ( 6,4 ) , ( 2,5 ) , ( 2,6 ) , ( 3,7 ) , ( 4,7 ) , ( 3,1 ) , ( 2,2 )

parent : ( 5,6 )
depth : 4
( 6,3 ) , ( 6,4 ) , ( 6,5 ) , ( 6,6 ) , ( 4,2 ) , ( 6,7 ) , ( 3,1 ) , ( 2,2 )

parent : ( 6,6 )
depth : 4
( 4,3 ) , ( 5,3 ) , ( 6,3 ) , ( 6,4 ) , ( 6,5 ) , ( 4,2 ) , ( 3,1 )

parent : ( 4,6 )
depth : 3
( 3,5 ) , ( 3,6 ) , ( 5,6 ) , ( 6,6 )

parent : ( 3,5 )
depth : 4
( 5,3 ) , ( 6,3 ) , ( 6,4 ) , ( 2,3 ) , ( 2,5 ) , ( 2,6 ) , ( 2,2 )

parent : ( 5,3 )
depth : 3
( 3,5 ) , ( 4,3 ) , ( 6,3 ) , ( 6,4 ) , ( 6,5 ) , ( 6,6 ) , ( 2,3 )

parent : ( 3,5 )
depth : 4
( 3,6 ) , ( 4,6 ) , ( 2,5 ) , ( 2,6 ) , ( 2,2 )

parent : ( 4,3 )
depth : 4
( 3,5 ) , ( 3,6 ) , ( 5,6 ) , ( 2,3 ) , ( 4,2 ) , ( 5,2 ) , ( 3,1 ) , ( 2,1 ) , ( 2,2 )

parent : ( 6,3 )
depth : 4
( 3,5 ) , ( 4,6 ) , ( 5,6 ) , ( 6,4 ) , ( 4,2 ) , ( 7,3 ) , ( 3,1 ) , ( 2,2 )

parent : ( 6,4 )
depth : 4
( 3,5 ) , ( 7,3 ) , ( 7,5 ) , ( 2,2 )

parent : ( 5,6 )
depth : 3
( 3,5 ) , ( 3,6 ) , ( 6,6 ) , ( 5,7 )

parent : ( 3,5 )
depth : 4
( 5,3 ) , ( 6,3 ) , ( 6,4 ) , ( 2,3 ) , ( 2,5 ) , ( 2,6 ) , ( 2,2 )

parent : ( 6,4 )
depth : 3
( 3,5 ) , ( 4,3 ) , ( 6,3 ) , ( 6,5 ) , ( 6,6 ) , ( 2,3 ) , ( 7,4 )

parent : ( 3,5 )
depth : 4
( 3,6 ) , ( 4,6 ) , ( 2,5 ) , ( 2,6 ) , ( 2,2 )

parent : ( 4,3 )
depth : 4
( 3,5 ) , ( 3,6 ) , ( 5,6 ) , ( 4,2 ) , ( 5,2 ) , ( 3,1 ) , ( 2,1 ) , ( 2,2 )

parent : ( 6,3 )
depth : 4
( 3,5 ) , ( 4,6 ) , ( 5,3 ) , ( 5,6 ) , ( 4,2 ) , ( 6,2 ) , ( 3,1 ) , ( 2,2 )

parent : ( 6,5 )
depth : 4
( 3,6 ) , ( 4,6 ) , ( 5,6 ) , ( 6,6 ) , ( 4,2 ) , ( 7,6 ) , ( 3,1 ) , ( 2,2 )

parent : ( 6,6 )
depth : 4
( 3,6 ) , ( 4,6 ) , ( 5,6 ) , ( 4,2 ) , ( 3,1 )

parent : ( 2,3 )
depth : 4
( 3,5 ) , ( 3,6 ) , ( 4,6 ) , ( 4,2 ) , ( 2,2 )

parent : ( 7,4 )
depth : 4
( 3,5 ) , ( 5,3 ) , ( 7,3 ) , ( 2,2 )

parent : ( 4,2 )
depth : 3
( 3,5 ) , ( 4,3 ) , ( 5,6 ) , ( 6,5 ) , ( 2,3 ) , ( 5,2 ) , ( 5,1 )

parent : ( 3,5 )
depth : 4
( 4,6 ) , ( 5,3 ) , ( 6,4 ) , ( 2,5 ) , ( 2,6 ) , ( 2,2 )

parent : ( 3,1 )
depth : 3
( 3,5 ) , ( 4,3 ) , ( 5,6 ) , ( 6,5 ) , ( 2,3 ) , ( 4,2 )

parent : ( 3,5 )
depth : 4
( 3,6 ) , ( 4,6 ) , ( 5,3 ) , ( 5,6 ) , ( 6,4 ) , ( 2,5 ) , ( 2,6 )

parent : ( 4,3 )
depth : 4
( 3,5 ) , ( 5,3 ) , ( 5,6 ) , ( 6,4 ) , ( 6,5 ) , ( 5,2 )

parent : ( 5,6 )
depth : 4
( 4,6 ) , ( 6,4 ) , ( 6,6 ) , ( 6,7 )

parent : ( 6,5 )
depth : 4
( 4,6 ) , ( 5,6 ) , ( 6,4 ) , ( 6,6 )

parent : ( 2,3 )
depth : 4
( 3,5 ) , ( 4,6 ) , ( 5,3 ) , ( 6,4 ) , ( 2,2 )

parent : ( 4,2 )
depth : 4
( 3,5 ) , ( 4,6 ) , ( 5,3 ) , ( 5,6 ) , ( 6,4 ) , ( 5,2 ) , ( 2,2 )

parent : ( 2,2 )
depth : 3
( 3,5 ) , ( 4,3 ) , ( 5,6 ) , ( 6,5 ) , ( 2,3 ) , ( 4,2 ) , ( 3,1 ) , ( 1,2 )

parent : ( 3,5 )
depth : 4
( 4,6 ) , ( 5,3 ) , ( 6,4 ) , ( 2,5 ) , ( 2,6 ) , ( 4,2 )

